100 246
0 7 1 4 47 58 78 30 48
1 8 0 2 3 6 14 54 52 42
2 6 1 18 31 63 17 84
3 5 1 8 11 57 96
4 13 0 5 7 9 15 43 81 26 88 24 30 99 96
5 8 4 12 17 43 96 57 49 45
6 8 1 16 22 30 51 81 31 34
7 13 4 10 13 25 36 70 24 79 81 89 12 58 29
8 5 3 67 80 48 66
9 3 4 62 93
10 4 7 24 79 19
11 6 3 21 41 88 77 22
12 5 5 28 35 29 7
13 7 7 29 35 49 33 29 50
14 5 1 19 41 67 36
15 6 4 23 86 85 47 81
16 7 6 59 26 65 61 48 62
17 8 5 20 38 92 99 2 57 96
18 5 2 27 43 78 60
19 7 14 34 68 10 35 48 52
20 3 17 26 83
21 5 11 37 72 30 76
22 6 6 52 94 83 93 11
23 6 15 55 57 65 76 93
24 8 10 40 7 93 94 4 62 42
25 8 7 27 39 44 95 70 85 31
26 6 20 46 54 16 55 4
27 5 25 32 42 18 45
28 3 12 95 39
29 6 13 33 48 12 13 7
30 7 6 34 32 0 21 4 60
31 4 2 40 6 25
32 4 27 59 30 75
33 4 29 13 67 78
34 5 19 50 30 6 77
35 8 13 66 86 19 12 98 51 96
36 5 7 60 44 14 38
37 1 21
38 6 17 86 94 58 36 85
39 5 25 75 43 49 28
40 4 24 31 42 71
41 2 14 11
42 6 27 45 40 1 89 24
43 6 4 39 5 18 74 66
44 4 25 83 59 36
45 4 42 56 27 5
46 4 26 70 86 87
47 4 0 15 78 61
48 5 29 8 19 16 0
49 4 13 92 39 5
50 4 34 53 81 13
51 3 6 69 35
52 4 22 61 1 19
53 3 50 91 88
54 2 1 26
55 3 23 64 26
56 5 45 85 94 85 63
57 7 23 98 3 85 79 17 5
58 7 0 90 78 69 38 99 7
59 4 16 44 32 98
60 5 36 71 84 18 30
61 3 52 16 47
62 4 9 95 24 16
63 3 2 73 56
64 1 55
65 5 23 74 84 87 16
66 4 35 8 43 91
67 6 8 77 14 75 87 33
68 4 19 84 75 82
69 2 51 58
70 7 46 97 7 88 25 80 90
71 3 60 40 83
72 2 21 83
73 4 63 82 84 78
74 2 65 43
75 5 39 68 85 67 32
76 2 23 21
77 4 67 89 34 11
78 8 0 88 58 18 73 91 47 33
79 3 10 7 57
80 2 8 70
81 7 4 91 50 6 7 15 90
82 3 73 68 87
83 5 44 22 72 20 71
84 6 68 60 65 73 92 2
85 8 56 15 25 86 56 57 75 38
86 6 15 87 35 46 85 38
87 6 86 93 46 65 67 82
88 5 78 70 4 11 53
89 3 77 7 42
90 4 58 70 96 81
91 4 81 53 66 78
92 3 17 49 84
93 5 87 9 24 22 23
94 5 22 96 38 56 24
95 3 25 28 62
96 7 94 5 17 90 35 3 4
97 1 70
98 3 57 59 35
99 3 17 4 58
SOURCE 0
