100 249
0 6 1 3 9 53 32 26
1 10 0 2 4 23 10 91 68 88 37 64
2 7 1 6 22 25 27 7 55
3 5 0 5 32 57 93
4 5 1 7 21 37 52
5 6 3 16 25 39 13 81
6 4 2 8 78 98
7 5 4 19 88 2 50
8 9 6 10 11 14 48 58 25 99 66
9 6 0 12 33 84 81 97
10 9 8 49 1 88 14 26 54 94 64
11 5 8 13 33 97 76
12 6 9 17 42 34 53 94
13 4 11 51 89 5
14 10 8 15 18 28 32 15 20 38 25 10
15 7 14 38 54 80 14 60 96
16 3 5 20 30
17 7 12 18 60 18 59 31 43
18 5 14 27 56 17 17
19 7 7 26 35 99 61 26 68
20 7 16 74 96 90 14 99 76
21 4 4 40 91 89
22 6 2 24 82 90 89 69
23 7 1 50 28 93 89 41 92
24 8 22 41 94 55 59 85 65 26
25 8 5 47 2 8 56 56 14 81
26 12 19 31 35 69 72 82 19 30 50 10 0 24
27 6 18 44 46 57 91 2
28 6 14 29 61 97 23 30
29 6 28 68 94 50 32 46
30 8 16 36 49 89 26 28 42 49
31 6 26 34 71 95 17 78
32 7 14 43 87 0 3 60 29
33 6 9 11 74 70 57 70
34 5 31 64 93 12 88
35 9 26 59 19 40 52 88 71 45 95
36 4 30 82 64 67
37 4 4 53 94 1
38 4 15 45 87 14
39 3 5 60 83
40 5 21 55 65 92 35
41 3 24 23 63
42 4 12 63 30 49
43 4 32 69 17 44
44 2 27 43
45 2 38 35
46 2 27 29
47 2 25 76
48 2 8 81
49 6 10 86 30 85 30 42
50 6 23 70 79 29 26 7
51 5 13 77 92 93 86
52 2 4 35
53 7 37 88 99 0 56 81 12
54 3 15 83 10
55 3 40 24 2
56 5 18 53 25 25 76
57 7 27 67 93 90 33 3 93
58 3 8 87 88
59 4 35 24 73 17
60 9 39 66 81 17 15 32 96 90 63
61 7 28 62 76 94 19 64 85
62 3 61 68 65
63 3 42 60 41
64 5 34 61 36 1 10
65 5 40 68 24 62 80
66 4 60 85 98 8
67 4 57 77 93 36
68 6 65 75 29 62 1 19
69 4 26 73 43 22
70 3 50 33 33
71 4 31 35 96 74
72 1 26
73 2 69 59
74 4 20 33 71 76
75 1 68
76 7 47 61 20 11 87 56 74
77 2 67 51
78 2 6 31
79 1 50
80 2 15 65
81 6 60 9 53 48 25 5
82 3 22 26 36
83 3 39 54 84
84 4 9 95 83 88
85 4 66 49 24 61
86 2 49 51
87 8 32 89 38 95 97 58 88 76
88 11 53 35 7 96 10 84 92 58 87 34 1
89 6 87 30 23 13 22 21
90 4 22 20 57 60
91 3 27 21 1
92 4 40 88 51 23
93 7 57 34 23 67 57 3 51
94 6 24 29 61 37 10 12
95 4 84 31 87 35
96 5 20 71 88 15 60
97 4 28 87 9 11
98 2 66 6
99 4 53 19 20 8
SOURCE 0
