100 249
0 9 1 93 2 89 3 78 4 84 7 63 10 6 47 70 92 79 38 19
1 7 0 93 8 17 38 71 94 84 34 82 57 17 26 88
2 9 0 89 6 87 45 42 88 43 36 43 15 41 75 12 38 65 42 78
3 7 0 78 5 60 9 75 11 14 86 59 79 50 74 90
4 7 0 84 14 24 28 54 43 23 67 90 78 52 58 90
5 4 3 60 33 40 75 63 13 34
6 11 2 87 32 85 36 91 98 18 44 97 90 85 27 91 48 84 65 33 81 58 40 17
7 5 0 63 17 12 35 73 81 37 68 55
8 7 1 17 70 4 13 84 57 56 76 90 76 4 55 26
9 4 3 75 13 67 22 28 26 6
10 3 0 6 36 61 30 94
11 6 3 14 12 17 15 53 18 26 98 38 22 27
12 6 11 17 98 78 71 52 90 68 48 21 74 48
13 6 9 67 16 30 8 84 33 48 51 89 5 34
14 5 4 24 50 30 97 79 38 86 88 73
15 11 11 53 21 33 27 19 31 45 48 73 49 80 87 63 77 81 2 41 43 94 99 48
16 4 13 30 23 59 24 25 29 33
17 3 7 12 69 43 22 67
18 7 11 26 19 28 81 18 99 68 89 63 91 44 97 33
19 6 18 28 20 66 89 31 25 59 34 49 84 60
20 6 19 66 59 36 72 53 38 94 96 53 92 16
21 3 15 33 56 12 99 39
22 5 9 28 25 68 17 67 43 95 11 27
23 6 16 59 65 24 68 58 56 36 67 23 76 22
24 7 16 25 37 38 41 94 51 20 54 4 52 86 69 47
25 5 22 68 42 16 19 59 30 14 38 89
26 2 9 6 1 88
27 4 15 19 90 38 74 98 6 91
28 3 4 54 42 34 44 100
29 5 16 33 30 13 42 14 44 60 55 74
30 8 29 13 39 77 55 59 41 38 55 44 10 94 25 14 93 90
31 4 15 45 34 86 32 56 68 52
32 5 6 85 71 89 31 56 92 89 59 99
33 4 5 40 93 87 13 48 96 96
34 9 31 86 62 13 66 47 77 67 82 5 1 82 45 15 44 86 19 49
35 6 7 73 57 19 62 3 90 19 91 30 97 64
36 5 6 91 74 77 45 86 10 61 2 43
37 2 24 38 52 11
38 7 1 71 14 86 20 94 52 28 0 19 25 89 2 65
39 5 30 77 40 51 64 51 95 78 85 3
40 5 39 51 97 59 69 12 79 78 6 17
41 6 24 94 46 38 53 86 30 38 56 42 59 11
42 7 28 34 80 54 29 14 25 16 61 85 95 67 2 78
43 7 4 23 58 5 60 83 22 95 15 94 81 81 57 20
44 7 28 100 6 97 54 14 34 86 29 60 67 80 92 59
45 4 2 42 36 86 84 49 34 15
46 2 41 38 54 80
47 3 0 70 83 17 68 7
48 7 15 73 92 16 96 75 6 84 75 94 99 70 12 21
49 3 15 80 71 81 76 66
50 2 14 30 94 31
51 5 24 20 58 98 95 17 88 88 13 89
52 3 37 11 24 86 38 28
53 2 41 86 76 33
54 5 24 4 61 30 73 38 44 14 46 80
55 5 30 59 30 44 91 21 29 74 8 26
56 5 21 12 83 88 41 42 89 71 23 36
57 5 35 19 78 76 1 17 8 56 43 20
58 4 43 5 82 100 51 98 4 90
59 6 20 36 93 76 41 11 77 82 98 88 32 99
60 3 43 83 93 74 76 18
61 4 54 30 99 39 42 85 84 93
62 6 34 13 63 59 68 45 35 3 80 52 91 24
63 1 62 59
64 4 39 51 67 77 90 45 69 12
65 2 23 24 6 33
66 2 34 47 68 70
67 5 4 90 95 42 64 77 44 80 23 23
68 6 62 45 23 58 31 52 47 7 7 55 66 70
69 5 17 43 75 41 24 47 40 12 64 12
70 4 8 4 96 70 84 6 88 16
71 3 49 81 32 89 12 52
72 3 20 53 84 70 87 64
73 4 54 38 83 66 81 75 94 53
74 4 36 77 27 98 3 90 12 48
75 5 69 41 86 2 2 12 48 94 5 63
76 10 53 33 79 58 90 60 95 88 60 18 85 41 8 90 49 66 23 22 8 4
77 3 34 67 15 81 59 82
78 3 4 52 88 66 57 76
79 3 76 58 3 50 40 78
80 2 42 54 62 52
81 7 18 18 95 85 89 22 73 75 7 37 43 81 6 58
82 2 58 100 34 5
83 3 56 88 73 66 47 17
84 7 72 70 85 98 45 49 70 6 19 60 97 48 61 93
85 5 84 98 91 36 99 84 39 3 76 41
86 2 75 2 3 59
87 3 15 63 93 76 72 64
88 6 2 43 78 66 14 73 89 56 51 88 70 16
89 6 19 31 56 71 18 63 81 22 92 50 88 56
90 7 76 60 91 87 6 85 35 19 27 38 12 68 64 45
91 6 90 87 85 36 35 30 18 44 62 24 55 21
92 6 48 16 32 89 0 79 89 50 20 16 44 59
93 6 33 87 59 76 87 76 60 74 30 90 98 97
94 3 1 84 73 53 50 31
95 6 76 88 67 42 81 85 39 78 42 67 51 17
96 4 70 70 48 75 20 53 33 96
97 5 14 79 40 59 84 48 18 33 35 64
98 5 6 18 11 38 12 78 93 97 59 88
99 6 18 68 61 39 21 39 85 84 48 70 15 48
SOURCE 0
